# t	TI	TM	I	u
0 1 1 1 0.5
0.01 0.999599 1.00007 1.01234 0.4995
0.02 0.999196 1.00014 1.02477 0.499001
0.03 0.998792 1.00021 1.03729 0.498502
0.04 0.998385 1.00028 1.0499 0.498004
0.05 0.997977 1.00034 1.0626 0.497506
0.06 0.997567 1.0004 1.0754 0.497009
0.07 0.997154 1.00046 1.08829 0.496512
0.08 0.99674 1.00051 1.10127 0.496016
0.09 0.996324 1.00056 1.11435 0.49552
0.1 0.995906 1.0006 1.12752 0.495025
0.11 0.995486 1.00065 1.14079 0.49453
0.12 0.995064 1.00069 1.15416 0.494036
0.13 0.99464 1.00073 1.16762 0.493542
0.14 0.994214 1.00076 1.18118 0.493049
0.15 0.993786 1.00079 1.19484 0.492556
0.16 0.993355 1.00082 1.20859 0.492064
0.17 0.992923 1.00085 1.22245 0.491572
0.18 0.992488 1.00087 1.23641 0.491081
0.19 0.992052 1.00089 1.25047 0.49059
0.2 0.991613 1.0009 1.26463 0.490099
0.21 0.991172 1.00091 1.2789 0.489609
0.22 0.990729 1.00092 1.29327 0.48912
0.23 0.990284 1.00093 1.30774 0.488631
0.24 0.989836 1.00093 1.32232 0.488143
0.25 0.989386 1.00093 1.337 0.487655
0.26 0.988934 1.00092 1.35179 0.487168
0.27 0.98848 1.00092 1.36669 0.486681
0.28 0.988023 1.0009 1.38169 0.486194
0.29 0.987565 1.00089 1.39681 0.485708
0.3 0.987103 1.00087 1.41203 0.485223
0.31 0.98664 1.00085 1.42737 0.484738
0.32 0.986174 1.00082 1.44281 0.484253
0.33 0.985705 1.00079 1.45837 0.483769
0.34 0.985235 1.00076 1.47404 0.483286
0.35 0.984761 1.00073 1.48982 0.482803
0.36 0.984286 1.00069 1.50572 0.48232
0.37 0.983808 1.00064 1.52173 0.481838
0.38 0.983327 1.0006 1.53786 0.481356
0.39 0.982844 1.00055 1.5541 0.480875
0.4 0.982358 1.00049 1.57047 0.480395
0.41 0.98187 1.00043 1.58695 0.479915
0.42 0.981379 1.00037 1.60355 0.479435
0.43 0.980886 1.00031 1.62027 0.478956
0.44 0.98039 1.00024 1.63711 0.478477
0.45 0.979892 1.00017 1.65407 0.477999
0.46 0.97939 1.00009 1.67116 0.477521
0.47 0.978887 1.00001 1.68836 0.477044
0.48 0.97838 0.999924 1.7057 0.476567
0.49 0.977871 0.999836 1.72315 0.476091
0.5 0.977273 0.99983 1.74074 0.475615
0.51 0.976236 1.00026 1.75845 0.475139
0.52 0.975187 1.00069 1.77628 0.474664
0.53 0.974126 1.00112 1.79425 0.47419
0.54 0.973053 1.00157 1.81235 0.473716
0.55 0.971968 1.00202 1.83057 0.473243
0.56 0.97087 1.00247 1.84893 0.47277
0.57 0.96976 1.00293 1.86742 0.472297
0.58 0.968638 1.0034 1.88604 0.471825
0.59 0.967504 1.00387 1.9048 0.471353
0.6 0.966358 1.00434 1.92369 0.470882
0.61 0.965199 1.00483 1.94272 0.470412
0.62 0.964028 1.00531 1.96189 0.469941
0.63 0.962845 1.0058 1.98119 0.469472
0.64 0.96165 1.0063 2.00063 0.469002
0.65 0.960443 1.0068 2.02021 0.468534
0.66 0.959224 1.00731 2.03993 0.468065
0.67 0.957992 1.00782 2.0598 0.467598
0.68 0.956749 1.00834 2.0798 0.46713
0.69 0.955493 1.00886 2.09995 0.466663
0.7 0.954225 1.00939 2.12025 0.466197
0.71 0.952945 1.00992 2.14069 0.465731
0.72 0.951653 1.01046 2.16128 0.465265
0.73 0.950349 1.011 2.18201 0.4648
0.74 0.949033 1.01155 2.20289 0.464336
0.75 0.947704 1.0121 2.22393 0.463872
0.76 0.946364 1.01266 2.24511 0.463408
0.77 0.945012 1.01322 2.26644 0.462945
0.78 0.943647 1.01378 2.28793 0.462482
0.79 0.942271 1.01435 2.30957 0.46202
0.8 0.940882 1.01493 2.33137 0.461558
0.81 0.939482 1.0155 2.35332 0.461097
0.82 0.938069 1.01609 2.37543 0.460636
0.83 0.936644 1.01667 2.3977 0.460176
0.84 0.935208 1.01726 2.42012 0.459716
0.85 0.933759 1.01786 2.44271 0.459256
0.86 0.932299 1.01846 2.46545 0.458797
0.87 0.930826 1.01906 2.48836 0.458339
0.88 0.929342 1.01966 2.51144 0.45788
0.89 0.927846 1.02027 2.53467 0.457423
0.9 0.926337 1.02089 2.55807 0.456966
0.91 0.924817 1.02151 2.58164 0.456509
0.92 0.923285 1.02213 2.60538 0.456053
0.93 0.921741 1.02275 2.62929 0.455597
0.94 0.920185 1.02338 2.65336 0.455141
0.95 0.918617 1.02401 2.67761 0.454686
0.96 0.917038 1.02465 2.70203 0.454232
0.97 0.915446 1.02529 2.72662 0.453778
0.98 0.913843 1.02593 2.75139 0.453324
0.99 0.912228 1.02658 2.77633 0.452871
1 0.910601 1.02722 2.80145 0.452419
1.01 0.908962 1.02788 2.82675 0.451967
1.02 0.907311 1.02853 2.85223 0.451515
1.03 0.905649 1.02919 2.87789 0.451063
1.04 0.903975 1.02985 2.90373 0.450613
1.05 0.902289 1.03051 2.92975 0.450162
1.06 0.900591 1.03118 2.95596 0.449712
1.07 0.898882 1.03185 2.98235 0.449263
1.08 0.897161 1.03252 3.00893 0.448814
1.09 0.895428 1.03319 3.0357 0.448365
1.1 0.893684 1.03387 3.06266 0.447917
1.11 0.891928 1.03455 3.0898 0.447469
1.12 0.89016 1.03523 3.11714 0.447022
1.13 0.88838 1.03592 3.14467 0.446575
1.14 0.886589 1.0366 3.1724 0.446129
1.15 0.884787 1.03729 3.20032 0.445683
1.16 0.882972 1.03798 3.22843 0.445238
1.17 0.881146 1.03868 3.25675 0.444793
1.18 0.879309 1.03937 3.28526 0.444348
1.19 0.87746 1.04007 3.31398 0.443904
1.2 0.8756 1.04076 3.34289 0.44346
1.21 0.873728 1.04147 3.37201 0.443017
1.22 0.871844 1.04217 3.40133 0.442574
1.23 0.869949 1.04287 3.43086 0.442132
1.24 0.868043 1.04358 3.4606 0.44169
1.25 0.866125 1.04428 3.49054 0.441248
1.26 0.864195 1.04499 3.5207 0.440807
1.27 0.862255 1.0457 3.55106 0.440367
1.28 0.860302 1.04641 3.58164 0.439927
1.29 0.858339 1.04712 3.61243 0.439487
1.3 0.856364 1.04783 3.64344 0.439048
1.31 0.854378 1.04855 3.67466 0.438609
1.32 0.85238 1.04926 3.7061 0.43817
1.33 0.850371 1.04998 3.73776 0.437733
1.34 0.848351 1.05069 3.76964 0.437295
1.35 0.84632 1.05141 3.80174 0.436858
1.36 0.844277 1.05213 3.83407 0.436421
1.37 0.842223 1.05285 3.86662 0.435985
1.38 0.840158 1.05357 3.89939 0.435549
1.39 0.838082 1.05429 3.9324 0.435114
1.4 0.835995 1.05501 3.96563 0.434679
1.41 0.833896 1.05573 3.99909 0.434245
1.42 0.831786 1.05645 4.03279 0.433811
1.43 0.829666 1.05717 4.06672 0.433377
1.44 0.827534 1.05789 4.10088 0.432944
1.45 0.825391 1.05861 4.13528 0.432511
1.46 0.823237 1.05933 4.16992 0.432079
1.47 0.821072 1.06005 4.2048 0.431647
1.48 0.818896 1.06077 4.23992 0.431216
1.49 0.816709 1.06148 4.27528 0.430785
1.5 0.814512 1.0622 4.31088 0.430354
1.51 0.812303 1.06292 4.34673 0.429924
1.52 0.810083 1.06364 4.38282 0.429494
1.53 0.807853 1.06436 4.41917 0.429065
1.54 0.805612 1.06507 4.45576 0.428636
1.55 0.80336 1.06579 4.49261 0.428208
1.56 0.801097 1.0665 4.5297 0.42778
1.57 0.798823 1.06721 4.56705 0.427352
1.58 0.796539 1.06792 4.60466 0.426925
1.59 0.794244 1.06864 4.64253 0.426498
1.6 0.791938 1.06934 4.68065 0.426072
1.61 0.789622 1.07005 4.71903 0.425646
1.62 0.787295 1.07076 4.75768 0.425221
1.63 0.784958 1.07146 4.79659 0.424796
1.64 0.78261 1.07217 4.83576 0.424371
1.65 0.780251 1.07287 4.8752 0.423947
1.66 0.777882 1.07357 4.91491 0.423523
1.67 0.775502 1.07426 4.95489 0.4231
1.68 0.773112 1.07496 4.99514 0.422677
1.69 0.770712 1.07565 5.03566 0.422254
1.7 0.768301 1.07634 5.07646 0.421832
1.71 0.76588 1.07703 5.11753 0.421411
1.72 0.763448 1.07772 5.15888 0.42099
1.73 0.761007 1.0784 5.20051 0.420569
1.74 0.758555 1.07908 5.24242 0.420148
1.75 0.756092 1.07976 5.28461 0.419729
1.76 0.75362 1.08044 5.32709 0.419309
1.77 0.751137 1.08111 5.36986 0.41889
1.78 0.748645 1.08178 5.41291 0.418471
1.79 0.746142 1.08245 5.45625 0.418053
1.8 0.743629 1.08311 5.49988 0.417635
1.81 0.741106 1.08377 5.5438 0.417218
1.82 0.738574 1.08443 5.58802 0.416801
1.83 0.736031 1.08508 5.63253 0.416384
1.84 0.733478 1.08573 5.67734 0.415968
1.85 0.730916 1.08638 5.72244 0.415552
1.86 0.728343 1.08702 5.76785 0.415137
1.87 0.725761 1.08766 5.81356 0.414722
1.88 0.72317 1.0883 5.85958 0.414307
1.89 0.720568 1.08893 5.9059 0.413893
1.9 0.717957 1.08956 5.95253 0.41348
1.91 0.715336 1.09018 5.99946 0.413066
1.92 0.712705 1.0908 6.04671 0.412653
1.93 0.710065 1.09141 6.09427 0.412241
1.94 0.707416 1.09202 6.14214 0.411829
1.95 0.704757 1.09263 6.19033 0.411417
1.96 0.702088 1.09323 6.23883 0.411006
1.97 0.69941 1.09383 6.28766 0.410595
1.98 0.696723 1.09442 6.3368 0.410185
1.99 0.694027 1.095 6.38627 0.409775
2 0.691321 1.09558 6.43606 0.409365
2.01 0.688606 1.09616 6.48617 0.408956
2.02 0.685882 1.09673 6.53661 0.408547
2.03 0.683149 1.0973 6.58739 0.408139
2.04 0.680407 1.09786 6.63849 0.407731
2.05 0.677655 1.09841 6.68992 0.407324
2.06 0.674895 1.09896 6.74169 0.406917
2.07 0.672126 1.0995 6.7938 0.40651
2.08 0.669348 1.10004 6.84624 0.406104
2.09 0.666561 1.10057 6.89902 0.405698
2.1 0.663765 1.10109 6.95214 0.405292
2.11 0.66096 1.10161 7.0056 0.404887
2.12 0.658147 1.10212 7.05941 0.404482
2.13 0.655325 1.10263 7.11356 0.404078
2.14 0.652495 1.10313 7.16806 0.403674
2.15 0.649656 1.10362 7.22291 0.403271
2.16 0.646809 1.10411 7.27811 0.402868
2.17 0.643953 1.10459 7.33366 0.402465
2.18 0.641089 1.10506 7.38957 0.402063
2.19 0.638216 1.10553 7.44583 0.401661
2.2 0.635335 1.10598 7.50245 0.401259
2.21 0.632446 1.10644 7.55943 0.400858
2.22 0.629549 1.10688 7.61677 0.400458
2.23 0.626644 1.10732 7.67447 0.400057
2.24 0.623731 1.10775 7.73253 0.399658
2.25 0.620809 1.10817 7.79096 0.399258
2.26 0.61788 1.10858 7.84976 0.398859
2.27 0.614943 1.10899 7.90892 0.39846
2.28 0.611998 1.10938 7.96846 0.398062
2.29 0.609046 1.10977 8.02837 0.397664
2.3 0.606085 1.11016 8.08865 0.397267
2.31 0.603117 1.11053 8.14931 0.39687
2.32 0.600142 1.11089 8.21034 0.396473
2.33 0.597159 1.11125 8.27175 0.396077
2.34 0.594168 1.1116 8.33354 0.395681
2.35 0.591171 1.11194 8.39572 0.395285
2.36 0.588165 1.11227 8.45827 0.39489
2.37 0.585153 1.11259 8.52121 0.394496
2.38 0.582134 1.11291 8.58454 0.394101
2.39 0.579107 1.11321 8.64826 0.393707
2.4 0.576073 1.1135 8.71236 0.393314
2.41 0.573033 1.11379 8.77686 0.392921
2.42 0.569985 1.11407 8.84174 0.392528
2.43 0.566931 1.11433 8.90702 0.392136
2.44 0.563869 1.11459 8.9727 0.391744
2.45 0.560801 1.11484 9.03877 0.391352
2.46 0.557727 1.11508 9.10524 0.390961
2.47 0.554646 1.1153 9.17211 0.39057
2.48 0.551558 1.11552 9.23938 0.39018
2.49 0.548464 1.11573 9.30705 0.38979
2.5 0.545364 1.11593 9.37513 0.3894
2.51 0.542257 1.11612 9.44361 0.389011
2.52 0.539144 1.11629 9.5125 0.388622
2.53 0.536025 1.11646 9.5818 0.388234
2.54 0.532901 1.11662 9.6515 0.387846
2.55 0.52977 1.11676 9.72162 0.387458
2.56 0.526633 1.1169 9.79215 0.387071
2.57 0.52349 1.11702 9.86309 0.386684
2.58 0.520342 1.11713 9.93444 0.386298
2.59 0.517188 1.11723 10.0062 0.385912
2.6 0.514028 1.11733 10.0784 0.385526
2.61 0.510863 1.1174 10.151 0.38514
2.62 0.507693 1.11747 10.224 0.384756
2.63 0.504517 1.11753 10.2975 0.384371
2.64 0.501336 1.11757 10.3713 0.383987
2.65 0.498149 1.11761 10.4456 0.383603
2.66 0.494958 1.11763 10.5203 0.38322
2.67 0.491762 1.11764 10.5955 0.382837
2.68 0.488561 1.11764 10.6711 0.382454
2.69 0.485355 1.11762 10.747 0.382072
2.7 0.482144 1.1176 10.8235 0.38169
2.71 0.478929 1.11756 10.9003 0.381308
2.72 0.475709 1.11751 10.9776 0.380927
2.73 0.472484 1.11745 11.0553 0.380546
2.74 0.469255 1.11737 11.1334 0.380166
2.75 0.466022 1.11728 11.212 0.379786
2.76 0.462785 1.11718 11.291 0.379406
2.77 0.459544 1.11707 11.3705 0.379027
2.78 0.456298 1.11694 11.4503 0.378648
2.79 0.453049 1.1168 11.5307 0.37827
2.8 0.449796 1.11665 11.6114 0.377892
2.81 0.446539 1.11649 11.6926 0.377514
2.82 0.443278 1.11631 11.7742 0.377137
2.83 0.440014 1.11612 11.8563 0.37676
2.84 0.436747 1.11591 11.9388 0.376383
2.85 0.433476 1.11569 12.0217 0.376007
2.86 0.430202 1.11546 12.1051 0.375631
2.87 0.426925 1.11522 12.1889 0.375256
2.88 0.423644 1.11496 12.2732 0.374881
2.89 0.420361 1.11468 12.3579 0.374506
2.9 0.417075 1.1144 12.4431 0.374132
2.91 0.413786 1.1141 12.5286 0.373758
2.92 0.410495 1.11378 12.6147 0.373384
2.93 0.407201 1.11345 12.7012 0.373011
2.94 0.403904 1.11311 12.7881 0.372638
2.95 0.400606 1.11276 12.8754 0.372266
2.96 0.397305 1.11238 12.9633 0.371894
2.97 0.394001 1.112 13.0515 0.371522
2.98 0.390696 1.1116 13.1402 0.371151
2.99 0.387389 1.11118 13.2293 0.37078
3 0.38408 1.11076 13.3189 0.370409
3.01 0.38077 1.11031 13.409 0.370039
3.02 0.377458 1.10985 13.4994 0.369669
3.03 0.374144 1.10938 13.5903 0.3693
3.04 0.370829 1.10889 13.6817 0.36893
3.05 0.367513 1.10839 13.7735 0.368562
3.06 0.364195 1.10787 13.8657 0.368193
3.07 0.360877 1.10734 13.9584 0.367825
3.08 0.357557 1.10679 14.0516 0.367458
3.09 0.354237 1.10623 14.1451 0.36709
3.1 0.350916 1.10565 14.2391 0.366723
3.11 0.347595 1.10506 14.3336 0.366357
3.12 0.344273 1.10445 14.4285 0.365991
3.13 0.340951 1.10383 14.5238 0.365625
3.14 0.337628 1.10319 14.6196 0.36526
3.15 0.334305 1.10253 14.7158 0.364894
3.16 0.330983 1.10186 14.8124 0.36453
3.17 0.32766 1.10118 14.9095 0.364165
3.18 0.324338 1.10048 15.007 0.363801
3.19 0.321016 1.09976 15.1049 0.363438
3.2 0.317694 1.09903 15.2033 0.363075
3.21 0.314373 1.09828 15.3021 0.362712
3.22 0.311053 1.09752 15.4013 0.362349
3.23 0.307734 1.09674 15.501 0.361987
3.24 0.304415 1.09594 15.6011 0.361625
3.25 0.301098 1.09513 15.7016 0.361264
3.26 0.297782 1.0943 15.8025 0.360903
3.27 0.294467 1.09346 15.9039 0.360542
3.28 0.291153 1.0926 16.0057 0.360182
3.29 0.287841 1.09173 16.1079 0.359822
3.3 0.284531 1.09084 16.2105 0.359462
3.31 0.281222 1.08993 16.3135 0.359103
3.32 0.277916 1.08901 16.417 0.358744
3.33 0.274611 1.08807 16.5208 0.358385
3.34 0.271309 1.08711 16.6251 0.358027
3.35 0.268009 1.08614 16.7298 0.357669
3.36 0.264711 1.08516 16.8348 0.357312
3.37 0.261416 1.08415 16.9403 0.356954
3.38 0.258124 1.08313 17.0462 0.356598
3.39 0.254834 1.0821 17.1525 0.356241
3.4 0.251547 1.08105 17.2591 0.355885
3.41 0.248264 1.07998 17.3662 0.355529
3.42 0.244983 1.07889 17.4737 0.355174
3.43 0.241706 1.07779 17.5815 0.354819
3.44 0.238432 1.07668 17.6897 0.354464
3.45 0.235162 1.07555 17.7983 0.35411
3.46 0.231895 1.0744 17.9073 0.353756
3.47 0.228633 1.07323 18.0167 0.353403
3.48 0.225374 1.07205 18.1264 0.353049
3.49 0.222119 1.07085 18.2365 0.352697
3.5 0.218868 1.06964 18.3469 0.352344
3.51 0.215622 1.06841 18.4578 0.351992
3.52 0.21238 1.06717 18.5689 0.35164
3.53 0.209143 1.06591 18.6805 0.351289
3.54 0.205911 1.06463 18.7923 0.350937
3.55 0.202683 1.06333 18.9046 0.350587
3.56 0.19946 1.06203 19.0171 0.350236
3.57 0.196243 1.0607 19.13 0.349886
3.58 0.19303 1.05936 19.2433 0.349537
3.59 0.189823 1.058 19.3568 0.349187
3.6 0.186621 1.05663 19.4707 0.348838
3.61 0.183425 1.05524 19.585 0.348489
3.62 0.180235 1.05383 19.6995 0.348141
3.63 0.17705 1.05241 19.8143 0.347793
3.64 0.173872 1.05098 19.9295 0.347446
3.65 0.170699 1.04952 20.0449 0.347098
3.66 0.167533 1.04806 20.1607 0.346751
3.67 0.164373 1.04657 20.2767 0.346405
3.68 0.16122 1.04507 20.3931 0.346059
3.69 0.158073 1.04356 20.5097 0.345713
3.7 0.154933 1.04203 20.6265 0.345367
3.71 0.1518 1.04049 20.7437 0.345022
3.72 0.148674 1.03893 20.8611 0.344677
3.73 0.145555 1.03735 20.9788 0.344333
3.74 0.142443 1.03576 21.0968 0.343988
3.75 0.139338 1.03415 21.2149 0.343645
3.76 0.136241 1.03253 21.3334 0.343301
3.77 0.133152 1.0309 21.452 0.342958
3.78 0.13007 1.02924 21.5709 0.342615
3.79 0.126996 1.02758 21.6901 0.342273
3.8 0.12393 1.0259 21.8094 0.341931
3.81 0.120872 1.0242 21.929 0.341589
3.82 0.117823 1.02249 22.0487 0.341248
3.83 0.114781 1.02077 22.1687 0.340906
3.84 0.111749 1.01903 22.2889 0.340566
3.85 0.108724 1.01728 22.4092 0.340225
3.86 0.105709 1.01551 22.5297 0.339885
3.87 0.102702 1.01373 22.6504 0.339546
3.88 0.0997037 1.01193 22.7713 0.339206
3.89 0.0967147 1.01012 22.8923 0.338867
3.9 0.0937349 1.0083 23.0135 0.338528
3.91 0.0907643 1.00646 23.1348 0.33819
3.92 0.0878031 1.00461 23.2562 0.337852
3.93 0.0848514 1.00275 23.3778 0.337514
3.94 0.0819092 1.00087 23.4995 0.337177
3.95 0.0789768 0.998979 23.6213 0.33684
3.96 0.0760541 0.997074 23.7433 0.336503
3.97 0.0731414 0.995157 23.8653 0.336167
3.98 0.0702386 0.993226 23.9874 0.335831
3.99 0.067346 0.991283 24.1096 0.335495
4 0.0644637 0.989327 24.2319 0.33516
4.01 0.0615916 0.987358 24.3542 0.334825
4.02 0.05873 0.985377 24.4766 0.33449
4.03 0.055879 0.983384 24.5991 0.334156
4.04 0.0530386 0.981378 24.7216 0.333822
4.05 0.0502089 0.97936 24.8441 0.333488
4.06 0.0473901 0.97733 24.9667 0.333155
4.07 0.0445822 0.975288 25.0892 0.332822
4.08 0.0417853 0.973235 25.2118 0.332489
4.09 0.0389996 0.97117 25.3344 0.332157
4.1 0.0362251 0.969093 25.457 0.331825
4.11 0.0334619 0.967006 25.5796 0.331493
4.12 0.0307102 0.964907 25.7021 0.331162
4.13 0.0279699 0.962797 25.8246 0.330831
4.14 0.0252412 0.960676 25.9471 0.3305
4.15 0.0225242 0.958545 26.0695 0.33017
4.16 0.019819 0.956403 26.1918 0.32984
4.17 0.0171256 0.954251 26.3141 0.32951
4.18 0.0144441 0.952088 26.4363 0.329181
4.19 0.0117747 0.949915 26.5584 0.328852
4.2 0.00911737 0.947733 26.6804 0.328523
4.21 0.00647221 0.94554 26.8024 0.328195
4.22 0.0038393 0.943338 26.9242 0.327867
4.23 0.00121873 0.941127 27.0458 0.327539
4.24 -0.00138944 0.938906 27.1674 0.327212
4.25 -0.00398513 0.936676 27.2888 0.326885
4.26 -0.00656827 0.934438 27.41 0.326558
4.27 -0.00913879 0.93219 27.5311 0.326232
4.28 -0.0116966 0.929934 27.652 0.325906
4.29 -0.0142417 0.927669 27.7728 0.32558
4.3 -0.0167739 0.925396 27.8933 0.325255
4.31 -0.0192933 0.923115 28.0137 0.324929
4.32 -0.0217996 0.920826 28.1338 0.324605
4.33 -0.024293 0.918529 28.2537 0.32428
4.34 -0.0267733 0.916225 28.3734 0.323956
4.35 -0.0292405 0.913913 28.4929 0.323632
4.36 -0.0316945 0.911594 28.6121 0.323309
4.37 -0.0341352 0.909268 28.7311 0.322986
4.38 -0.0365627 0.906935 28.8498 0.322663
4.39 -0.0389768 0.904595 28.9682 0.32234
4.4 -0.0413774 0.902249 29.0864 0.322018
4.41 -0.0437647 0.899897 29.2043 0.321696
4.42 -0.0461385 0.897538 29.3218 0.321375
4.43 -0.0484987 0.895173 29.4391 0.321054
4.44 -0.0508453 0.892803 29.556 0.320733
4.45 -0.0531783 0.890427 29.6726 0.320412
4.46 -0.0554977 0.888045 29.7889 0.320092
4.47 -0.0578033 0.885658 29.9048 0.319772
4.48 -0.0600953 0.883266 30.0204 0.319452
4.49 -0.0623734 0.88087 30.1356 0.319133
4.5 -0.0646378 0.878468 30.2504 0.318814
4.51 -0.0668883 0.876062 30.3649 0.318495
4.52 -0.0691249 0.873652 30.479 0.318177
4.53 -0.0713477 0.871237 30.5926 0.317859
4.54 -0.0735565 0.868819 30.7059 0.317541
4.55 -0.0757515 0.866397 30.8188 0.317224
4.56 -0.0779324 0.863971 30.9312 0.316907
4.57 -0.0800993 0.861542 31.0432 0.31659
4.58 -0.0822523 0.85911 31.1548 0.316274
4.59 -0.0843912 0.856674 31.2659 0.315958
4.6 -0.0865161 0.854236 31.3766 0.315642
4.61 -0.088627 0.851795 31.4868 0.315326
4.62 -0.0907238 0.849352 31.5965 0.315011
4.63 -0.0928065 0.846906 31.7057 0.314696
4.64 -0.0948751 0.844458 31.8145 0.314382
4.65 -0.0969296 0.842008 31.9228 0.314068
4.66 -0.0989701 0.839557 32.0306 0.313754
4.67 -0.100996 0.837104 32.1378 0.31344
4.68 -0.103009 0.83465 32.2446 0.313127
4.69 -0.105007 0.832194 32.3508 0.312814
4.7 -0.106991 0.829737 32.4565 0.312501
4.71 -0.108961 0.82728 32.5616 0.312189
4.72 -0.110917 0.824822 32.6663 0.311877
4.73 -0.112858 0.822363 32.7703 0.311565
4.74 -0.114786 0.819904 32.8738 0.311254
4.75 -0.1167 0.817445 32.9768 0.310943
4.76 -0.118599 0.814986 33.0792 0.310632
4.77 -0.120485 0.812527 33.181 0.310321
4.78 -0.122356 0.810068 33.2822 0.310011
4.79 -0.124214 0.80761 33.3829 0.309701
4.8 -0.126057 0.805153 33.4829 0.309392
4.81 -0.127887 0.802697 33.5824 0.309082
4.82 -0.129702 0.800242 33.6812 0.308774
4.83 -0.131504 0.797788 33.7795 0.308465
4.84 -0.133291 0.795335 33.8771 0.308157
4.85 -0.135065 0.792884 33.9741 0.307849
4.86 -0.136825 0.790435 34.0705 0.307541
4.87 -0.138571 0.787987 34.1663 0.307234
4.88 -0.140303 0.785542 34.2614 0.306926
4.89 -0.142022 0.783099 34.3559 0.30662
4.9 -0.143726 0.780658 34.4497 0.306313
4.91 -0.145417 0.77822 34.5429 0.306007
4.92 -0.147095 0.775784 34.6355 0.305701
4.93 -0.148758 0.773352 34.7274 0.305396
4.94 -0.150408 0.770922 34.8187 0.30509
4.95 -0.152045 0.768495 34.9093 0.304785
4.96 -0.153667 0.766072 34.9992 0.304481
4.97 -0.155277 0.763652 35.0885 0.304176
4.98 -0.156873 0.761236 35.1771 0.303872
4.99 -0.158455 0.758823 35.265 0.303569
5 -0.160024 0.756414 35.3523 0.303265
5.01 -0.16158 0.754009 35.4389 0.302962
5.02 -0.163122 0.751609 35.5248 0.302659
5.03 -0.164652 0.749212 35.61 0.302357
5.04 -0.166168 0.746821 35.6945 0.302055
5.05 -0.167671 0.744433 35.7784 0.301753
5.06 -0.16916 0.74205 35.8616 0.301451
5.07 -0.170637 0.739672 35.9441 0.30115
5.08 -0.172101 0.737299 36.0259 0.300849
5.09 -0.173552 0.734932 36.107 0.300548
5.1 -0.174989 0.732569 36.1874 0.300248
5.11 -0.176415 0.730211 36.2671 0.299948
5.12 -0.177827 0.727859 36.3462 0.299648
5.13 -0.179226 0.725513 36.4245 0.299348
5.14 -0.180613 0.723172 36.5022 0.299049
5.15 -0.181987 0.720837 36.5791 0.29875
5.16 -0.183349 0.718507 36.6554 0.298452
5.17 -0.184698 0.716184 36.731 0.298153
5.18 -0.186035 0.713867 36.8058 0.297855
5.19 -0.18736 0.711556 36.88 0.297558
5.2 -0.188672 0.709251 36.9535 0.29726
5.21 -0.189971 0.706953 37.0263 0.296963
5.22 -0.191259 0.704661 37.0984 0.296666
5.23 -0.192534 0.702376 37.1698 0.29637
5.24 -0.193798 0.700098 37.2405 0.296074
5.25 -0.195049 0.697826 37.3106 0.295778
5.26 -0.196289 0.695561 37.3799 0.295482
5.27 -0.197516 0.693303 37.4486 0.295187
5.28 -0.198732 0.691053 37.5165 0.294892
5.29 -0.199936 0.688809 37.5838 0.294597
5.3 -0.201128 0.686573 37.6504 0.294302
5.31 -0.202309 0.684344 37.7164 0.294008
5.32 -0.203478 0.682122 37.7816 0.293714
5.33 -0.204636 0.679908 37.8462 0.293421
5.34 -0.205782 0.677701 37.9101 0.293128
5.35 -0.206917 0.675502 37.9733 0.292835
5.36 -0.208041 0.67331 38.0358 0.292542
5.37 -0.209153 0.671127 38.0977 0.29225
5.38 -0.210254 0.668951 38.159 0.291957
5.39 -0.211345 0.666783 38.2195 0.291666
5.4 -0.212424 0.664623 38.2794 0.291374
5.41 -0.213492 0.662471 38.3387 0.291083
5.42 -0.21455 0.660327 38.3972 0.290792
5.43 -0.215596 0.658191 38.4552 0.290501
5.44 -0.216632 0.656064 38.5125 0.290211
5.45 -0.217657 0.653944 38.5691 0.289921
5.46 -0.218672 0.651833 38.6251 0.289631
5.47 -0.219676 0.649731 38.6805 0.289342
5.48 -0.22067 0.647636 38.7352 0.289052
5.49 -0.221653 0.645551 38.7893 0.288764
5.5 -0.222626 0.643473 38.8428 0.288475
5.51 -0.223589 0.641404 38.8956 0.288187
5.52 -0.224542 0.639344 38.9479 0.287899
5.53 -0.225484 0.637292 38.9995 0.287611
5.54 -0.226417 0.635249 39.0505 0.287323
5.55 -0.227339 0.633215 39.1009 0.287036
5.56 -0.228252 0.631189 39.1506 0.286749
5.57 -0.229155 0.629172 39.1998 0.286463
5.58 -0.230048 0.627164 39.2484 0.286176
5.59 -0.230931 0.625165 39.2964 0.28589
5.6 -0.231805 0.623175 39.3438 0.285605
5.61 -0.23267 0.621193 39.3906 0.285319
5.62 -0.233524 0.61922 39.4369 0.285034
5.63 -0.23437 0.617256 39.4825 0.284749
5.64 -0.235206 0.615302 39.5276 0.284464
5.65 -0.236033 0.613356 39.5721 0.28418
5.66 -0.236851 0.611419 39.6161 0.283896
5.67 -0.237659 0.609491 39.6595 0.283612
5.68 -0.238459 0.607572 39.7023 0.283329
5.69 -0.23925 0.605662 39.7446 0.283046
5.7 -0.240031 0.603761 39.7864 0.282763
5.71 -0.240804 0.601869 39.8276 0.28248
5.72 -0.241568 0.599987 39.8683 0.282198
5.73 -0.242324 0.598113 39.9084 0.281916
5.74 -0.24307 0.596248 39.948 0.281634
5.75 -0.243809 0.594393 39.9871 0.281352
5.76 -0.244538 0.592546 40.0257 0.281071
5.77 -0.24526 0.590709 40.0637 0.28079
5.78 -0.245973 0.58888 40.1013 0.28051
5.79 -0.246677 0.587061 40.1383 0.280229
5.8 -0.247374 0.585251 40.1749 0.279949
5.81 -0.248062 0.58345 40.2109 0.279669
5.82 -0.248742 0.581658 40.2465 0.27939
5.83 -0.249414 0.579875 40.2816 0.279111
5.84 -0.250078 0.578101 40.3162 0.278832
5.85 -0.250734 0.576336 40.3503 0.278553
5.86 -0.251383 0.574581 40.3839 0.278275
5.87 -0.252023 0.572834 40.4171 0.277996
5.88 -0.252656 0.571096 40.4498 0.277719
5.89 -0.253282 0.569368 40.4821 0.277441
5.9 -0.253899 0.567648 40.5139 0.277164
5.91 -0.254509 0.565937 40.5452 0.276887
5.92 -0.255112 0.564236 40.5761 0.27661
5.93 -0.255707 0.562543 40.6066 0.276333
5.94 -0.256295 0.56086 40.6366 0.276057
5.95 -0.256876 0.559185 40.6662 0.275781
5.96 -0.257449 0.557519 40.6954 0.275506
5.97 -0.258016 0.555862 40.7242 0.27523
5.98 -0.258575 0.554214 40.7525 0.274955
5.99 -0.259127 0.552575 40.7805 0.27468
6 -0.259672 0.550945 40.808 0.274406
6.01 -0.26021 0.549323 40.8351 0.274132
6.02 -0.260742 0.547711 40.8618 0.273858
6.03 -0.261266 0.546107 40.8882 0.273584
6.04 -0.261784 0.544512 40.9141 0.27331
6.05 -0.262295 0.542925 40.9397 0.273037
6.06 -0.2628 0.541348 40.9648 0.272764
6.07 -0.263298 0.539779 40.9896 0.272492
6.08 -0.263789 0.538219 41.0141 0.272219
6.09 -0.264274 0.536667 41.0381 0.271947
6.1 -0.264753 0.535124 41.0618 0.271675
6.11 -0.265225 0.533589 41.0852 0.271404
6.12 -0.265691 0.532063 41.1081 0.271133
6.13 -0.26615 0.530546 41.1308 0.270862
6.14 -0.266604 0.529037 41.153 0.270591
6.15 -0.267051 0.527537 41.175 0.27032
6.16 -0.267492 0.526045 41.1966 0.27005
6.17 -0.267928 0.524561 41.2179 0.26978
6.18 -0.268357 0.523086 41.2388 0.269511
6.19 -0.26878 0.521619 41.2594 0.269241
6.2 -0.269198 0.52016 41.2797 0.268972
6.21 -0.269609 0.51871 41.2997 0.268703
6.22 -0.270015 0.517268 41.3193 0.268435
6.23 -0.270415 0.515834 41.3387 0.268167
6.24 -0.27081 0.514408 41.3577 0.267898
6.25 -0.271198 0.51299 41.3765 0.267631
6.26 -0.271582 0.511581 41.3949 0.267363
6.27 -0.271959 0.510179 41.4131 0.267096
6.28 -0.272331 0.508786 41.4309 0.266829
6.29 -0.272698 0.5074 41.4485 0.266562
6.3 -0.27306 0.506023 41.4658 0.266296
6.31 -0.273416 0.504653 41.4828 0.26603
6.32 -0.273766 0.503292 41.4995 0.265764
6.33 -0.274112 0.501938 41.5159 0.265498
6.34 -0.274452 0.500592 41.5321 0.265233
6.35 -0.274787 0.499253 41.548 0.264968
6.36 -0.275117 0.497923 41.5637 0.264703
6.37 -0.275442 0.4966 41.5791 0.264438
6.38 -0.275762 0.495284 41.5942 0.264174
6.39 -0.276077 0.493977 41.6091 0.26391
6.4 -0.276387 0.492677 41.6238 0.263646
6.41 -0.276692 0.491384 41.6382 0.263383
6.42 -0.276993 0.490099 41.6523 0.263119
6.43 -0.277288 0.488821 41.6662 0.262856
6.44 -0.277579 0.487551 41.6799 0.262594
6.45 -0.277865 0.486288 41.6934 0.262331
6.46 -0.278146 0.485033 41.7066 0.262069
6.47 -0.278423 0.483784 41.7196 0.261807
6.48 -0.278695 0.482543 41.7323 0.261545
6.49 -0.278962 0.481309 41.7449 0.261284
6.5 -0.279225 0.480083 41.7572 0.261023
6.51 -0.279484 0.478863 41.7693 0.260762
6.52 -0.279738 0.477651 41.7812 0.260501
6.53 -0.279988 0.476446 41.7929 0.260241
6.54 -0.280233 0.475247 41.8044 0.259981
6.55 -0.280474 0.474056 41.8157 0.259721
6.56 -0.280711 0.472871 41.8268 0.259461
6.57 -0.280943 0.471694 41.8377 0.259202
6.58 -0.281171 0.470523 41.8484 0.258943
6.59 -0.281395 0.469359 41.8589 0.258684
6.6 -0.281615 0.468202 41.8692 0.258426
6.61 -0.281831 0.467051 41.8793 0.258167
6.62 -0.282043 0.465907 41.8893 0.257909
6.63 -0.28225 0.46477 41.899 0.257652
6.64 -0.282454 0.46364 41.9086 0.257394
6.65 -0.282654 0.462516 41.918 0.257137
6.66 -0.28285 0.461398 41.9273 0.25688
6.67 -0.283041 0.460287 41.9363 0.256623
6.68 -0.28323 0.459183 41.9452 0.256367
6.69 -0.283414 0.458084 41.9539 0.25611
6.7 -0.283594 0.456992 41.9625 0.255854
6.71 -0.283771 0.455907 41.9709 0.255599
6.72 -0.283944 0.454828 41.9792 0.255343
6.73 -0.284113 0.453754 41.9872 0.255088
6.74 -0.284278 0.452688 41.9952 0.254833
6.75 -0.28444 0.451627 42.003 0.254578
6.76 -0.284599 0.450572 42.0106 0.254324
6.77 -0.284753 0.449524 42.0181 0.25407
6.78 -0.284905 0.448481 42.0254 0.253816
6.79 -0.285052 0.447444 42.0326 0.253562
6.8 -0.285197 0.446414 42.0396 0.253308
6.81 -0.285337 0.445389 42.0465 0.253055
6.82 -0.285475 0.44437 42.0533 0.252802
6.83 -0.285609 0.443357 42.06 0.25255
6.84 -0.285739 0.44235 42.0665 0.252297
6.85 -0.285866 0.441348 42.0728 0.252045
6.86 -0.28599 0.440353 42.0791 0.251793
6.87 -0.286111 0.439362 42.0852 0.251542
6.88 -0.286229 0.438378 42.0912 0.25129
6.89 -0.286343 0.437399 42.097 0.251039
6.9 -0.286454 0.436426 42.1028 0.250788
6.91 -0.286562 0.435458 42.1084 0.250537
6.92 -0.286666 0.434495 42.1139 0.250287
6.93 -0.286768 0.433538 42.1193 0.250037
6.94 -0.286867 0.432587 42.1245 0.249787
6.95 -0.286962 0.431641 42.1297 0.249537
6.96 -0.287055 0.4307 42.1347 0.249288
6.97 -0.287144 0.429764 42.1397 0.249039
6.98 -0.287231 0.428834 42.1445 0.24879
6.99 -0.287314 0.427909 42.1492 0.248541
7 -0.287395 0.426989 42.1538 0.248293
7.01 -0.287472 0.426074 42.1583 0.248044
7.02 -0.287547 0.425164 42.1627 0.247797
7.03 -0.287619 0.424259 42.167 0.247549
7.04 -0.287688 0.42336 42.1712 0.247301
7.05 -0.287755 0.422465 42.1753 0.247054
7.06 -0.287818 0.421575 42.1793 0.246807
7.07 -0.287879 0.42069 42.1832 0.246561
7.08 -0.287937 0.41981 42.1871 0.246314
7.09 -0.287992 0.418935 42.1908 0.246068
7.1 -0.288045 0.418065 42.1944 0.245822
7.11 -0.288095 0.417199 42.198 0.245576
7.12 -0.288143 0.416338 42.2014 0.245331
7.13 -0.288187 0.415482 42.2048 0.245086
7.14 -0.288229 0.414631 42.2081 0.244841
7.15 -0.288269 0.413784 42.2113 0.244596
7.16 -0.288306 0.412942 42.2144 0.244352
7.17 -0.288341 0.412104 42.2174 0.244107
7.18 -0.288373 0.411271 42.2204 0.243863
7.19 -0.288402 0.410442 42.2233 0.24362
7.2 -0.288429 0.409618 42.2261 0.243376
7.21 -0.288454 0.408798 42.2288 0.243133
7.22 -0.288476 0.407983 42.2314 0.24289
7.23 -0.288496 0.407171 42.234 0.242647
7.24 -0.288513 0.406365 42.2365 0.242405
7.25 -0.288528 0.405562 42.2389 0.242162
7.26 -0.288541 0.404764 42.2413 0.24192
7.27 -0.288551 0.40397 42.2435 0.241678
7.28 -0.288559 0.40318 42.2458 0.241437
7.29 -0.288565 0.402395 42.2479 0.241196
7.3 -0.288569 0.401613 42.25 0.240954
7.31 -0.28857 0.400836 42.252 0.240714
7.32 -0.288569 0.400062 42.2539 0.240473
7.33 -0.288566 0.399293 42.2558 0.240233
7.34 -0.28856 0.398528 42.2576 0.239993
7.35 -0.288553 0.397766 42.2594 0.239753
7.36 -0.288543 0.397009 42.2611 0.239513
7.37 -0.288531 0.396256 42.2627 0.239274
7.38 -0.288517 0.395506 42.2643 0.239035
7.39 -0.288501 0.39476 42.2658 0.238796
7.4 -0.288483 0.394018 42.2673 0.238557
7.41 -0.288463 0.39328 42.2687 0.238319
7.42 -0.288441 0.392546 42.27 0.23808
7.43 -0.288417 0.391815 42.2713 0.237842
7.44 -0.288391 0.391088 42.2725 0.237605
7.45 -0.288362 0.390365 42.2737 0.237367
7.46 -0.288332 0.389645 42.2748 0.23713
7.47 -0.2883 0.388929 42.2759 0.236893
7.48 -0.288266 0.388217 42.2769 0.236656
7.49 -0.28823 0.387508 42.2779 0.23642
7.5 -0.288192 0.386803 42.2788 0.236183
7.51 -0.288152 0.386101 42.2797 0.235947
7.52 -0.28811 0.385402 42.2805 0.235711
7.53 -0.288067 0.384707 42.2813 0.235476
7.54 -0.288021 0.384016 42.2821 0.23524
7.55 -0.287974 0.383328 42.2828 0.235005
7.56 -0.287925 0.382643 42.2834 0.23477
7.57 -0.287874 0.381962 42.284 0.234536
7.58 -0.287821 0.381284 42.2845 0.234301
7.59 -0.287767 0.380609 42.2851 0.234067
7.6 -0.287711 0.379937 42.2855 0.233833
7.61 -0.287653 0.379269 42.286 0.233599
7.62 -0.287593 0.378604 42.2863 0.233366
7.63 -0.287532 0.377942 42.2867 0.233133
7.64 -0.287469 0.377283 42.287 0.2329
7.65 -0.287404 0.376628 42.2872 0.232667
7.66 -0.287338 0.375975 42.2875 0.232434
7.67 -0.28727 0.375326 42.2877 0.232202
7.68 -0.2872 0.374679 42.2878 0.23197
7.69 -0.287129 0.374036 42.2879 0.231738
7.7 -0.287056 0.373396 42.288 0.231507
7.71 -0.286981 0.372758 42.288 0.231275
7.72 -0.286905 0.372124 42.288 0.231044
7.73 -0.286828 0.371493 42.288 0.230813
7.74 -0.286748 0.370864 42.2879 0.230582
7.75 -0.286668 0.370239 42.2878 0.230352
7.76 -0.286585 0.369616 42.2877 0.230122
7.77 -0.286502 0.368996 42.2875 0.229892
7.78 -0.286416 0.368379 42.2873 0.229662
7.79 -0.286329 0.367765 42.2871 0.229432
7.8 -0.286241 0.367153 42.2869 0.229203
7.81 -0.286151 0.366544 42.2866 0.228974
7.82 -0.28606 0.365938 42.2862 0.228745
7.83 -0.285967 0.365335 42.2859 0.228516
7.84 -0.285873 0.364734 42.2855 0.228288
7.85 -0.285778 0.364137 42.2851 0.22806
7.86 -0.285681 0.363541 42.2847 0.227832
7.87 -0.285583 0.362949 42.2842 0.227604
7.88 -0.285483 0.362359 42.2837 0.227377
7.89 -0.285382 0.361771 42.2832 0.227149
7.9 -0.28528 0.361186 42.2826 0.226922
7.91 -0.285176 0.360604 42.282 0.226696
7.92 -0.285071 0.360024 42.2814 0.226469
7.93 -0.284964 0.359447 42.2808 0.226243
7.94 -0.284857 0.358872 42.2801 0.226017
7.95 -0.284748 0.358299 42.2795 0.225791
7.96 -0.284637 0.357729 42.2787 0.225565
7.97 -0.284526 0.357162 42.278 0.225339
7.98 -0.284413 0.356597 42.2773 0.225114
7.99 -0.284299 0.356034 42.2765 0.224889
8 -0.284184 0.355474 42.2757 0.224664
8.01 -0.284067 0.354916 42.2749 0.22444
8.02 -0.283949 0.35436 42.274 0.224216
8.03 -0.28383 0.353806 42.2731 0.223991
8.04 -0.28371 0.353255 42.2722 0.223768
8.05 -0.283589 0.352707 42.2713 0.223544
8.06 -0.283466 0.35216 42.2704 0.223321
8.07 -0.283342 0.351616 42.2694 0.223097
8.08 -0.283218 0.351073 42.2685 0.222874
8.09 -0.283092 0.350534 42.2675 0.222652
8.1 -0.282964 0.349996 42.2664 0.222429
8.11 -0.282836 0.34946 42.2654 0.222207
8.12 -0.282707 0.348927 42.2644 0.221985
8.13 -0.282576 0.348395 42.2633 0.221763
8.14 -0.282444 0.347866 42.2622 0.221541
8.15 -0.282312 0.347339 42.2611 0.22132
8.16 -0.282178 0.346814 42.2599 0.221098
8.17 -0.282043 0.346291 42.2588 0.220877
8.18 -0.281907 0.34577 42.2576 0.220657
8.19 -0.28177 0.345251 42.2564 0.220436
8.2 -0.281632 0.344735 42.2552 0.220216
8.21 -0.281493 0.34422 42.254 0.219996
8.22 -0.281353 0.343707 42.2528 0.219776
8.23 -0.281212 0.343196 42.2515 0.219556
8.24 -0.28107 0.342687 42.2503 0.219337
8.25 -0.280926 0.34218 42.249 0.219117
8.26 -0.280782 0.341675 42.2477 0.218898
8.27 -0.280637 0.341171 42.2464 0.21868
8.28 -0.280491 0.34067 42.245 0.218461
8.29 -0.280344 0.340171 42.2437 0.218243
8.3 -0.280196 0.339673 42.2423 0.218025
8.31 -0.280047 0.339177 42.2409 0.217807
8.32 -0.279897 0.338683 42.2395 0.217589
8.33 -0.279747 0.338191 42.2381 0.217372
8.34 -0.279595 0.337701 42.2367 0.217154
8.35 -0.279442 0.337212 42.2353 0.216937
8.36 -0.279289 0.336726 42.2338 0.21672
8.37 -0.279134 0.336241 42.2324 0.216504
8.38 -0.278979 0.335757 42.2309 0.216287
8.39 -0.278823 0.335276 42.2294 0.216071
8.4 -0.278666 0.334796 42.2279 0.215855
8.41 -0.278508 0.334318 42.2264 0.21564
8.42 -0.278349 0.333842 42.2249 0.215424
8.43 -0.27819 0.333367 42.2233 0.215209
8.44 -0.278029 0.332894 42.2218 0.214994
8.45 -0.277868 0.332422 42.2202 0.214779
8.46 -0.277706 0.331953 42.2186 0.214564
8.47 -0.277543 0.331484 42.217 0.21435
8.48 -0.277379 0.331018 42.2154 0.214135
8.49 -0.277215 0.330553 42.2138 0.213921
8.5 -0.277049 0.33009 42.2122 0.213707
8.51 -0.276883 0.329628 42.2106 0.213494
8.52 -0.276716 0.329168 42.2089 0.21328
8.53 -0.276549 0.328709 42.2073 0.213067
8.54 -0.27638 0.328252 42.2056 0.212854
8.55 -0.276211 0.327796 42.2039 0.212642
8.56 -0.276041 0.327342 42.2023 0.212429
8.57 -0.275871 0.32689 42.2006 0.212217
8.58 -0.275699 0.326438 42.1989 0.212005
8.59 -0.275527 0.325989 42.1971 0.211793
8.6 -0.275354 0.325541 42.1954 0.211581
8.61 -0.275181 0.325094 42.1937 0.21137
8.62 -0.275006 0.324649 42.1919 0.211158
8.63 -0.274831 0.324205 42.1902 0.210947
8.64 -0.274656 0.323762 42.1884 0.210736
8.65 -0.274479 0.323321 42.1867 0.210526
8.66 -0.274302 0.322882 42.1849 0.210315
8.67 -0.274125 0.322444 42.1831 0.210105
8.68 -0.273946 0.322007 42.1813 0.209895
8.69 -0.273767 0.321571 42.1795 0.209685
8.7 -0.273588 0.321137 42.1777 0.209476
8.71 -0.273407 0.320705 42.1758 0.209266
8.72 -0.273226 0.320273 42.174 0.209057
8.73 -0.273045 0.319843 42.1722 0.208848
8.74 -0.272862 0.319414 42.1703 0.20864
8.75 -0.27268 0.318987 42.1685 0.208431
8.76 -0.272496 0.318561 42.1666 0.208223
8.77 -0.272312 0.318136 42.1647 0.208015
8.78 -0.272127 0.317712 42.1629 0.207807
8.79 -0.271942 0.31729 42.161 0.207599
8.8 -0.271756 0.316869 42.1591 0.207391
8.81 -0.27157 0.316449 42.1572 0.207184
8.82 -0.271383 0.316031 42.1553 0.206977
8.83 -0.271195 0.315613 42.1533 0.20677
8.84 -0.271007 0.315197 42.1514 0.206564
8.85 -0.270818 0.314782 42.1495 0.206357
8.86 -0.270629 0.314369 42.1476 0.206151
8.87 -0.270439 0.313956 42.1456 0.205945
8.88 -0.270248 0.313545 42.1437 0.205739
8.89 -0.270057 0.313135 42.1417 0.205533
8.9 -0.269866 0.312726 42.1398 0.205328
8.91 -0.269674 0.312318 42.1378 0.205123
8.92 -0.269481 0.311911 42.1358 0.204918
8.93 -0.269288 0.311506 42.1338 0.204713
8.94 -0.269095 0.311101 42.1318 0.204508
8.95 -0.2689 0.310698 42.1298 0.204304
8.96 -0.268706 0.310296 42.1278 0.2041
8.97 -0.268511 0.309895 42.1258 0.203896
8.98 -0.268315 0.309495 42.1238 0.203692
8.99 -0.268119 0.309096 42.1218 0.203488
9 -0.267923 0.308698 42.1198 0.203285
9.01 -0.267726 0.308302 42.1178 0.203082
9.02 -0.267528 0.307906 42.1157 0.202879
9.03 -0.26733 0.307511 42.1137 0.202676
9.04 -0.267132 0.307118 42.1116 0.202473
9.05 -0.266933 0.306726 42.1096 0.202271
9.06 -0.266733 0.306334 42.1075 0.202069
9.07 -0.266534 0.305944 42.1055 0.201867
9.08 -0.266333 0.305554 42.1034 0.201665
9.09 -0.266133 0.305166 42.1013 0.201463
9.1 -0.265932 0.304779 42.0993 0.201262
9.11 -0.26573 0.304392 42.0972 0.201061
9.12 -0.265528 0.304007 42.0951 0.20086
9.13 -0.265326 0.303623 42.093 0.200659
9.14 -0.265123 0.303239 42.0909 0.200459
9.15 -0.26492 0.302857 42.0888 0.200258
9.16 -0.264716 0.302476 42.0867 0.200058
9.17 -0.264512 0.302095 42.0846 0.199858
9.18 -0.264308 0.301716 42.0825 0.199658
9.19 -0.264103 0.301337 42.0804 0.199459
9.2 -0.263898 0.300959 42.0783 0.19926
9.21 -0.263693 0.300583 42.0761 0.19906
9.22 -0.263487 0.300207 42.074 0.198861
9.23 -0.26328 0.299832 42.0719 0.198663
9.24 -0.263074 0.299458 42.0697 0.198464
9.25 -0.262867 0.299085 42.0676 0.198266
9.26 -0.262659 0.298713 42.0654 0.198068
9.27 -0.262452 0.298342 42.0633 0.19787
9.28 -0.262244 0.297972 42.0611 0.197672
9.29 -0.262035 0.297602 42.059 0.197474
9.3 -0.261826 0.297234 42.0568 0.197277
9.31 -0.261617 0.296866 42.0546 0.19708
9.32 -0.261408 0.296499 42.0525 0.196883
9.33 -0.261198 0.296133 42.0503 0.196686
9.34 -0.260988 0.295768 42.0481 0.196489
9.35 -0.260778 0.295404 42.0459 0.196293
9.36 -0.260567 0.29504 42.0438 0.196097
9.37 -0.260356 0.294678 42.0416 0.195901
9.38 -0.260144 0.294316 42.0394 0.195705
9.39 -0.259933 0.293955 42.0372 0.195509
9.4 -0.259721 0.293595 42.035 0.195314
9.41 -0.259509 0.293235 42.0328 0.195119
9.42 -0.259296 0.292877 42.0306 0.194924
9.43 -0.259083 0.292519 42.0284 0.194729
9.44 -0.25887 0.292162 42.0262 0.194534
9.45 -0.258657 0.291806 42.0239 0.19434
9.46 -0.258443 0.291451 42.0217 0.194146
9.47 -0.258229 0.291096 42.0195 0.193951
9.48 -0.258015 0.290743 42.0173 0.193758
9.49 -0.2578 0.29039 42.0151 0.193564
9.5 -0.257586 0.290037 42.0128 0.193371
9.51 -0.257371 0.289686 42.0106 0.193177
9.52 -0.257155 0.289335 42.0084 0.192984
9.53 -0.25694 0.288985 42.0061 0.192791
9.54 -0.256724 0.288636 42.0039 0.192599
9.55 -0.256508 0.288288 42.0016 0.192406
9.56 -0.256292 0.28794 41.9994 0.192214
9.57 -0.256075 0.287593 41.9971 0.192022
9.58 -0.255858 0.287247 41.9949 0.19183
9.59 -0.255641 0.286901 41.9926 0.191638
9.6 -0.255424 0.286556 41.9904 0.191446
9.61 -0.255207 0.286212 41.9881 0.191255
9.62 -0.254989 0.285869 41.9858 0.191064
9.63 -0.254771 0.285526 41.9836 0.190873
9.64 -0.254553 0.285184 41.9813 0.190682
9.65 -0.254335 0.284843 41.979 0.190492
9.66 -0.254116 0.284502 41.9767 0.190301
9.67 -0.253898 0.284163 41.9745 0.190111
9.68 -0.253679 0.283823 41.9722 0.189921
9.69 -0.25346 0.283485 41.9699 0.189731
9.7 -0.25324 0.283147 41.9676 0.189542
9.71 -0.253021 0.28281 41.9653 0.189352
9.72 -0.252801 0.282473 41.963 0.189163
9.73 -0.252581 0.282137 41.9608 0.188974
9.74 -0.252361 0.281802 41.9585 0.188785
9.75 -0.252141 0.281468 41.9562 0.188596
9.76 -0.25192 0.281134 41.9539 0.188408
9.77 -0.2517 0.280801 41.9516 0.188219
9.78 -0.251479 0.280468 41.9493 0.188031
9.79 -0.251258 0.280136 41.947 0.187843
9.8 -0.251037 0.279805 41.9446 0.187656
9.81 -0.250816 0.279474 41.9423 0.187468
9.82 -0.250594 0.279144 41.94 0.187281
9.83 -0.250373 0.278815 41.9377 0.187093
9.84 -0.250151 0.278486 41.9354 0.186906
9.85 -0.249929 0.278158 41.9331 0.18672
9.86 -0.249707 0.27783 41.9308 0.186533
9.87 -0.249485 0.277503 41.9284 0.186347
9.88 -0.249262 0.277177 41.9261 0.18616
9.89 -0.24904 0.276851 41.9238 0.185974
9.9 -0.248817 0.276526 41.9214 0.185788
9.91 -0.248595 0.276201 41.9191 0.185603
9.92 -0.248372 0.275877 41.9168 0.185417
9.93 -0.248149 0.275554 41.9145 0.185232
9.94 -0.247925 0.275231 41.9121 0.185047
9.95 -0.247702 0.274909 41.9098 0.184862
9.96 -0.247479 0.274587 41.9074 0.184677
9.97 -0.247255 0.274266 41.9051 0.184492
9.98 -0.247032 0.273946 41.9028 0.184308
9.99 -0.246808 0.273626 41.9004 0.184124
10 -0.246584 0.273307 41.8981 0.18394
