# t	s_num	e_num	p_num
0 1 1 0
0.01 0.99005 1 0.00995017
0.02 0.980199 1 0.0198013
0.03 0.970446 1 0.0295545
0.04 0.960789 1 0.0392106
0.05 0.951229 1 0.0487706
0.06 0.941765 1 0.0582355
0.07 0.932394 1 0.0676062
0.08 0.923116 1 0.0768837
0.09 0.913931 1 0.0860688
0.1 0.904837 1 0.0951626
0.11 0.895834 1 0.104166
0.12 0.88692 1 0.11308
0.13 0.878095 1 0.121905
0.14 0.869358 1 0.130642
0.15 0.860708 1 0.139292
0.16 0.852144 1 0.147856
0.17 0.843665 1 0.156335
0.18 0.83527 1 0.16473
0.19 0.826959 1 0.173041
0.2 0.818731 1 0.181269
0.21 0.810584 1 0.189416
0.22 0.802519 1 0.197481
0.23 0.794534 1 0.205466
0.24 0.786628 1 0.213372
0.25 0.778801 1 0.221199
0.26 0.771052 1 0.228948
0.27 0.763379 1 0.236621
0.28 0.755784 1 0.244216
0.29 0.748264 1 0.251736
0.3 0.740818 1 0.259182
0.31 0.733447 1 0.266553
0.32 0.726149 1 0.273851
0.33 0.718924 1 0.281076
0.34 0.71177 1 0.28823
0.35 0.704688 1 0.295312
0.36 0.697676 1 0.302324
0.37 0.690734 1 0.309266
0.38 0.683861 1 0.316139
0.39 0.677057 1 0.322943
0.4 0.67032 1 0.32968
0.41 0.66365 1 0.33635
0.42 0.657047 1 0.342953
0.43 0.650509 1 0.349491
0.44 0.644036 1 0.355964
0.45 0.637628 1 0.362372
0.46 0.631284 1 0.368716
0.47 0.625002 1 0.374998
0.48 0.618783 1 0.381217
0.49 0.612626 1 0.387374
0.5 0.606531 1.00247 0.395942
0.51 0.600436 1.0174 0.41696
0.52 0.594313 1.03252 0.438211
0.53 0.588163 1.04786 0.459697
0.54 0.581987 1.06341 0.481421
0.55 0.575786 1.07917 0.503386
0.56 0.56956 1.09515 0.525594
0.57 0.563311 1.11136 0.548047
0.58 0.55704 1.12779 0.570748
0.59 0.550747 1.14445 0.5937
0.6 0.544434 1.16134 0.616905
0.61 0.538102 1.17847 0.640366
0.62 0.531752 1.19584 0.664086
0.63 0.525385 1.21345 0.688068
0.64 0.519002 1.23132 0.712314
0.65 0.512604 1.24943 0.736827
0.66 0.506193 1.2678 0.761611
0.67 0.499769 1.28644 0.786667
0.68 0.493335 1.30533 0.811999
0.69 0.48689 1.3245 0.837611
0.7 0.480437 1.34394 0.863505
0.71 0.473977 1.36366 0.889683
0.72 0.467511 1.38366 0.91615
0.73 0.46104 1.40395 0.942909
0.74 0.454566 1.42453 0.969962
0.75 0.44809 1.4454 0.997313
0.76 0.441613 1.46658 1.02497
0.77 0.435137 1.48806 1.05292
0.78 0.428663 1.50985 1.08119
0.79 0.422193 1.53196 1.10976
0.8 0.415728 1.55438 1.13866
0.81 0.40927 1.57714 1.16787
0.82 0.402819 1.60022 1.1974
0.83 0.396378 1.62363 1.22726
0.84 0.389948 1.64739 1.25744
0.85 0.383531 1.6715 1.28796
0.86 0.377127 1.69595 1.31882
0.87 0.370739 1.72076 1.35002
0.88 0.364369 1.74593 1.38157
0.89 0.358017 1.77147 1.41346
0.9 0.351685 1.79739 1.4457
0.91 0.345375 1.82368 1.4783
0.92 0.339088 1.85036 1.51127
0.93 0.332827 1.87742 1.5446
0.94 0.326592 1.90489 1.57829
0.95 0.320385 1.93275 1.61237
0.96 0.314208 1.96102 1.64682
0.97 0.308062 1.98971 1.68165
0.98 0.301949 2.01882 1.71687
0.99 0.295871 2.04835 1.75248
1 0.289829 2.07832 1.78849
1.01 0.283824 2.10872 1.8249
1.02 0.277859 2.13957 1.86171
1.03 0.271935 2.17087 1.89894
1.04 0.266053 2.20263 1.93658
1.05 0.260215 2.23485 1.97464
1.06 0.254423 2.26755 2.01312
1.07 0.248677 2.30072 2.05204
1.08 0.24298 2.33438 2.0914
1.09 0.237334 2.36852 2.13119
1.1 0.231738 2.40317 2.17143
1.11 0.226196 2.43832 2.21213
1.12 0.220708 2.47399 2.25328
1.13 0.215276 2.51017 2.29489
1.14 0.209901 2.54688 2.33697
1.15 0.204584 2.58412 2.37953
1.16 0.199328 2.6219 2.42257
1.17 0.194133 2.66023 2.4661
1.18 0.189 2.69911 2.51011
1.19 0.18393 2.73856 2.55463
1.2 0.178926 2.77857 2.59965
1.21 0.173988 2.81917 2.64518
1.22 0.169116 2.86034 2.69123
1.23 0.164313 2.90211 2.7378
1.24 0.15958 2.94448 2.7849
1.25 0.154916 2.98746 2.83254
1.26 0.150324 3.03105 2.88073
1.27 0.145804 3.07527 2.92946
1.28 0.141356 3.12011 2.97876
1.29 0.136983 3.1656 3.02862
1.3 0.132684 3.21173 3.07905
1.31 0.12846 3.25852 3.13006
1.32 0.124312 3.30597 3.18165
1.33 0.120241 3.35409 3.23385
1.34 0.116246 3.40289 3.28664
1.35 0.11233 3.45237 3.34004
1.36 0.108491 3.50255 3.39406
1.37 0.10473 3.55344 3.44871
1.38 0.101048 3.60504 3.50399
1.39 0.0974443 3.65736 3.55991
1.4 0.0939199 3.71041 3.61649
1.41 0.0904747 3.76419 3.67372
1.42 0.0871086 3.81873 3.73162
1.43 0.0838218 3.87402 3.7902
1.44 0.0806141 3.93007 3.84946
1.45 0.0774854 3.9869 3.90941
1.46 0.0744355 4.04451 3.97007
1.47 0.0714642 4.10291 4.03144
1.48 0.0685711 4.16211 4.09354
1.49 0.065756 4.22212 4.15636
1.5 0.0630184 4.28295 4.21993
1.51 0.0603578 4.34461 4.28425
1.52 0.0577736 4.4071 4.34933
1.53 0.0552653 4.47044 4.41518
1.54 0.0528322 4.53464 4.48181
1.55 0.0504735 4.59971 4.54924
1.56 0.0481886 4.66565 4.61746
1.57 0.0459766 4.73248 4.68651
1.58 0.0438366 4.80021 4.75637
1.59 0.0417678 4.86884 4.82707
1.6 0.0397691 4.93839 4.89862
1.61 0.0378396 5.00886 4.97102
1.62 0.0359781 5.08028 5.0443
1.63 0.0341836 5.15264 5.11846
1.64 0.032455 5.22596 5.19351
1.65 0.030791 5.30025 5.26946
1.66 0.0291906 5.37553 5.34634
1.67 0.0276523 5.45179 5.42414
1.68 0.026175 5.52906 5.50289
1.69 0.0247574 5.60735 5.58259
1.7 0.0233981 5.68666 5.66326
1.71 0.0220958 5.76701 5.74491
1.72 0.0208491 5.84841 5.82756
1.73 0.0196567 5.93087 5.91122
1.74 0.018517 6.01441 5.9959
1.75 0.0174288 6.09904 6.08161
1.76 0.0163906 6.18477 6.16838
1.77 0.0154009 6.27161 6.25621
1.78 0.0144583 6.35957 6.34511
1.79 0.0135614 6.44868 6.43512
1.8 0.0127088 6.53894 6.52623
1.81 0.0118989 6.63037 6.61847
1.82 0.0111304 6.72297 6.71184
1.83 0.0104019 6.81677 6.80637
1.84 0.00971181 6.91179 6.90207
1.85 0.00905887 7.00802 6.99896
1.86 0.00844165 7.10549 7.09705
1.87 0.00785878 7.20422 7.19636
1.88 0.00730888 7.30422 7.29691
1.89 0.00679062 7.4055 7.39871
1.9 0.00630268 7.50808 7.50178
1.91 0.00584377 7.61198 7.60613
1.92 0.00541261 7.71721 7.71179
1.93 0.00500796 7.82379 7.81878
1.94 0.00462859 7.93173 7.9271
1.95 0.00427331 8.04106 8.03679
1.96 0.00394096 8.15179 8.14785
1.97 0.00363042 8.26394 8.26031
1.98 0.00334057 8.37752 8.37418
1.99 0.00307035 8.49256 8.48949
2 0.00281873 8.60907 8.60625
2.01 0.00258469 8.72707 8.72449
2.02 0.00236728 8.84658 8.84422
2.03 0.00216554 8.96763 8.96546
2.04 0.00197859 9.09022 9.08824
2.05 0.00180554 9.21438 9.21258
2.06 0.00164557 9.34013 9.33849
2.07 0.00149788 9.4675 9.466
2.08 0.0013617 9.59649 9.59513
2.09 0.00123629 9.72714 9.7259
2.1 0.00112096 9.85946 9.85834
2.11 0.00101503 9.99348 9.99247
2.12 0.000917879 10.1292 10.1283
2.13 0.00082889 10.2667 10.2659
2.14 0.000747494 10.4059 10.4052
2.15 0.000673147 10.547 10.5463
2.16 0.000605334 10.6898 10.6892
2.17 0.000543572 10.8345 10.8339
2.18 0.0004874 10.981 10.9805
2.19 0.000436389 11.1294 11.129
2.2 0.000390134 11.2798 11.2794
2.21 0.000348254 11.432 11.4317
2.22 0.000310394 11.5862 11.5859
2.23 0.000276221 11.7424 11.7422
2.24 0.000245424 11.9007 11.9004
2.25 0.000217714 12.0609 12.0607
2.26 0.000192821 12.2232 12.223
2.27 0.000170496 12.3877 12.3875
2.28 0.000150506 12.5542 12.554
2.29 0.000132638 12.7229 12.7227
2.3 0.000116692 12.8937 12.8936
2.31 0.000102487 13.0668 13.0667
2.32 8.9855e-05 13.2421 13.242
2.33 7.86408e-05 13.4197 13.4196
2.34 6.87033e-05 13.5996 13.5995
2.35 5.9913e-05 13.7817 13.7817
2.36 5.21516e-05 13.9663 13.9662
2.37 4.53115e-05 14.1532 14.1532
2.38 3.92944e-05 14.3426 14.3426
2.39 3.40116e-05 14.5344 14.5344
2.4 2.93822e-05 14.7287 14.7287
2.41 2.53333e-05 14.9256 14.9255
2.42 2.17991e-05 15.1249 15.1249
2.43 1.87204e-05 15.3269 15.3269
2.44 1.60438e-05 15.5315 15.5315
2.45 1.37217e-05 15.7387 15.7387
2.46 1.17112e-05 15.9487 15.9486
2.47 9.97415e-06 16.1613 16.1613
2.48 8.4766e-06 16.3767 16.3767
2.49 7.1883e-06 16.595 16.595
2.5 6.08242e-06 16.816 16.816
2.51 5.13524e-06 17.04 17.04
2.52 4.3258e-06 17.2668 17.2668
2.53 3.63563e-06 17.4966 17.4966
2.54 3.04852e-06 17.7294 17.7294
2.55 2.55024e-06 17.9653 17.9653
2.56 2.12834e-06 18.2042 18.2042
2.57 1.77198e-06 18.4462 18.4462
2.58 1.47169e-06 18.6914 18.6914
2.59 1.21928e-06 18.9398 18.9398
2.6 1.00764e-06 19.1914 19.1914
2.61 8.30631e-07 19.4463 19.4463
2.62 6.82961e-07 19.7045 19.7045
2.63 5.60086e-07 19.9661 19.9661
2.64 4.58111e-07 20.2311 20.2311
2.65 3.73704e-07 20.4995 20.4995
2.66 3.04027e-07 20.7715 20.7715
2.67 2.46665e-07 21.047 21.047
2.68 1.99571e-07 21.3261 21.3261
2.69 1.61016e-07 21.6089 21.6089
2.7 1.2954e-07 21.8954 21.8954
2.71 1.03917e-07 22.1856 22.1856
2.72 8.31193e-08 22.4796 22.4796
2.73 6.62875e-08 22.7774 22.7774
2.74 5.27059e-08 23.0792 23.0792
2.75 4.178e-08 23.3849 23.3849
2.76 3.30173e-08 23.6946 23.6946
2.77 2.60112e-08 24.0083 24.0083
2.78 2.04272e-08 24.3261 24.3261
2.79 1.59907e-08 24.6481 24.6481
2.8 1.24773e-08 24.9744 24.9744
2.81 9.70389e-09 25.3049 25.3049
2.82 7.5219e-09 25.6397 25.6397
2.83 5.81094e-09 25.9789 25.9789
2.84 4.47386e-09 26.3225 26.3225
2.85 3.43255e-09 26.6707 26.6707
2.86 2.62439e-09 27.0234 27.0234
2.87 1.9994e-09 27.3807 27.3807
2.88 1.51778e-09 27.7428 27.7428
2.89 1.14799e-09 28.1095 28.1095
2.9 8.65094e-10 28.4811 28.4811
2.91 6.49478e-10 28.8575 28.8575
2.92 4.85759e-10 29.2389 29.2389
2.93 3.61919e-10 29.6253 29.6253
2.94 2.68604e-10 30.0167 30.0167
2.95 1.98566e-10 30.4133 30.4133
2.96 1.46205e-10 30.8151 30.8151
2.97 1.07218e-10 31.2221 31.2221
2.98 7.83054e-11 31.6345 31.6345
2.99 5.69528e-11 32.0523 32.0523
3 4.1249e-11 32.4756 32.4756
3.01 2.97483e-11 32.9044 32.9044
3.02 2.13618e-11 33.3389 33.3389
3.03 1.52727e-11 33.779 33.779
3.04 1.0871e-11 34.225 34.225
3.05 7.70332e-12 34.6768 34.6768
3.06 5.4339e-12 35.1345 35.1345
3.07 3.81546e-12 35.5982 35.5982
3.08 2.66659e-12 36.068 36.068
3.09 1.85488e-12 36.544 36.544
3.1 1.28409e-12 37.0263 37.0263
3.11 8.84643e-13 37.5148 37.5148
3.12 6.0647e-13 38.0098 38.0098
3.13 4.13703e-13 38.5113 38.5113
3.14 2.80788e-13 39.0194 39.0194
3.15 1.89606e-13 39.5341 39.5341
3.16 1.27373e-13 40.0556 40.0556
3.17 8.51192e-14 40.584 40.584
3.18 5.65811e-14 41.1193 41.1193
3.19 3.74093e-14 41.6616 41.6616
3.2 2.45993e-14 42.2111 42.2111
3.21 1.60867e-14 42.7677 42.7677
3.22 1.04613e-14 43.3317 43.3317
3.23 6.76458e-15 43.9031 43.9031
3.24 4.34916e-15 44.482 44.482
3.25 2.78001e-15 45.0686 45.0686
3.26 1.76657e-15 45.6628 45.6628
3.27 1.1159e-15 46.2648 46.2648
3.28 7.00639e-16 46.8747 46.8747
3.29 4.37226e-16 47.4927 47.4927
3.3 2.71161e-16 48.1188 48.1188
3.31 1.67117e-16 48.7531 48.7531
3.32 1.02341e-16 49.3958 49.3958
3.33 6.22706e-17 50.0469 50.0469
3.34 3.76428e-17 50.7065 50.7065
3.35 2.26053e-17 51.3748 51.3748
3.36 1.34844e-17 52.052 52.052
3.37 7.98929e-18 52.738 52.738
3.38 4.70113e-18 53.433 53.433
3.39 2.74711e-18 54.1372 54.1372
3.4 1.594e-18 54.8506 54.8506
3.41 9.18343e-19 55.5734 55.5734
3.42 5.2527e-19 56.3058 56.3058
3.43 2.98251e-19 57.0477 57.0477
3.44 1.68099e-19 57.7994 57.7994
3.45 9.40345e-20 58.561 58.561
3.46 5.22047e-20 59.3326 59.3326
3.47 2.87602e-20 60.1143 60.1143
3.48 1.57213e-20 60.9064 60.9064
3.49 8.52632e-21 61.7088 61.7088
3.5 4.58738e-21 62.5218 62.5218
3.51 2.44826e-21 63.3455 63.3455
3.52 1.29596e-21 64.1801 64.1801
3.53 6.80347e-22 65.0256 65.0256
3.54 3.5418e-22 65.8822 65.8822
3.55 1.82823e-22 66.7501 66.7501
3.56 9.35628e-23 67.6294 67.6294
3.57 4.74677e-23 68.5203 68.5203
3.58 2.38709e-23 69.4229 69.4229
3.59 1.18979e-23 70.3373 70.3373
3.6 5.87703e-24 71.2638 71.2638
3.61 2.87662e-24 72.2025 72.2025
3.62 1.39508e-24 73.1535 73.1535
3.63 6.70289e-25 74.1171 74.1171
3.64 3.19024e-25 75.0933 75.0933
3.65 1.50396e-25 76.0824 76.0824
3.66 7.02189e-26 77.0844 77.0844
3.67 3.24661e-26 78.0997 78.0997
3.68 1.48634e-26 79.1283 79.1283
3.69 6.73706e-27 80.1704 80.1704
3.7 3.02302e-27 81.2263 81.2263
3.71 1.34271e-27 82.296 82.296
3.72 5.90271e-28 83.3799 83.3799
3.73 2.56803e-28 84.4779 84.4779
3.74 1.10556e-28 85.5905 85.5905
3.75 4.70933e-29 86.7176 86.7176
3.76 1.98463e-29 87.8596 87.8596
3.77 8.27379e-30 89.0167 89.0167
3.78 3.41186e-30 90.1889 90.1889
3.79 1.39154e-30 91.3766 91.3766
3.8 5.61284e-31 92.5799 92.5799
3.81 2.23877e-31 93.799 93.799
3.82 8.82962e-32 95.0342 95.0342
3.83 3.44304e-32 96.2856 96.2856
3.84 1.32732e-32 97.5535 97.5535
3.85 5.05842e-33 98.8381 98.8381
3.86 1.90558e-33 100.14 100.14
3.87 7.09554e-34 101.458 101.458
3.88 2.61137e-34 102.794 102.794
3.89 9.49846e-35 104.148 104.148
3.9 3.41447e-35 105.519 105.519
3.91 1.21301e-35 106.908 106.908
3.92 4.25863e-36 108.316 108.316
3.93 1.47752e-36 109.742 109.742
3.94 5.06586e-37 111.187 111.187
3.95 1.71647e-37 112.651 112.651
3.96 5.74774e-38 114.135 114.135
3.97 1.90217e-38 115.637 115.637
3.98 6.22188e-39 117.16 117.16
3.99 2.01161e-39 118.702 118.702
4 6.42923e-40 120.265 120.265
4.01 2.0315e-40 121.849 121.849
4.02 6.3471e-41 123.453 123.453
4.03 1.96113e-41 125.078 125.078
4.04 5.99362e-42 126.725 126.725
4.05 1.81226e-42 128.394 128.394
4.06 5.42253e-43 130.084 130.084
4.07 1.60604e-43 131.797 131.797
4.08 4.70999e-44 133.532 133.532
4.09 1.36817e-44 135.29 135.29
4.1 3.93809e-45 137.071 137.071
4.11 1.12368e-45 138.876 138.876
4.12 3.1799e-46 140.704 140.704
4.13 8.92943e-47 142.557 142.557
4.14 2.48953e-47 144.434 144.434
4.15 6.89541e-48 146.335 146.335
4.16 1.89864e-48 148.262 148.262
4.17 5.20091e-49 150.214 150.214
4.18 1.41842e-49 152.191 152.191
4.19 3.85468e-50 154.195 154.195
4.2 1.04475e-50 156.225 156.225
4.21 2.82684e-51 158.282 158.282
4.22 7.64349e-52 160.365 160.365
4.23 2.06755e-52 162.477 162.477
4.24 5.60137e-53 164.616 164.616
4.25 1.5217e-53 166.783 166.783
4.26 4.15061e-54 168.978 168.978
4.27 1.13821e-54 171.203 171.203
4.28 3.14239e-55 173.457 173.457
4.29 8.74689e-56 175.74 175.74
4.3 2.4584e-56 178.054 178.054
4.31 6.98756e-57 180.398 180.398
4.32 2.01169e-57 182.773 182.773
4.33 5.87579e-58 185.179 185.179
4.34 1.74404e-58 187.617 187.617
4.35 5.26948e-59 190.087 190.087
4.36 1.62343e-59 192.589 192.589
4.37 5.10863e-60 195.124 195.124
4.38 1.64485e-60 197.693 197.693
4.39 5.42806e-61 200.296 200.296
4.4 1.83911e-61 202.932 202.932
4.41 6.40843e-62 205.604 205.604
4.42 2.30042e-62 208.311 208.311
4.43 8.52102e-63 211.053 211.053
4.44 3.26218e-63 213.831 213.831
4.45 1.29284e-63 216.646 216.646
4.46 5.31214e-64 219.498 219.498
4.47 2.26636e-64 222.388 222.388
4.48 1.00543e-64 225.315 225.315
4.49 4.64445e-65 228.281 228.281
4.5 2.23696e-65 231.286 231.286
4.51 1.12481e-65 234.331 234.331
4.52 5.91174e-66 237.416 237.416
4.53 3.25142e-66 240.541 240.541
4.54 1.87338e-66 243.708 243.708
4.55 1.13193e-66 246.916 246.916
4.56 7.17922e-67 250.166 250.166
4.57 4.78404e-67 253.46 253.46
4.58 3.35232e-67 256.796 256.796
4.59 2.47215e-67 260.177 260.177
4.6 1.92003e-67 263.601 263.601
4.61 1.57161e-67 267.072 267.072
4.62 1.35666e-67 270.587 270.587
4.63 1.23577e-67 274.149 274.149
4.64 1.18848e-67 277.758 277.758
4.65 1.2074e-67 281.414 281.414
4.66 1.29634e-67 285.119 285.119
4.67 1.47158e-67 288.872 288.872
4.68 1.76692e-67 292.675 292.675
4.69 2.24479e-67 296.528 296.528
4.7 3.01856e-67 300.431 300.431
4.71 4.29756e-67 304.386 304.386
4.72 6.47977e-67 308.393 308.393
4.73 1.03495e-66 312.452 312.452
4.74 1.75145e-66 316.565 316.565
4.75 3.14111e-66 320.733 320.733
4.76 5.97106e-66 324.955 324.955
4.77 1.2033e-65 329.232 329.232
4.78 2.57105e-65 333.566 333.566
4.79 5.8253e-65 337.957 337.957
4.8 1.39973e-64 342.406 342.406
4.81 3.56725e-64 346.913 346.913
4.82 9.64318e-64 351.48 351.48
4.83 2.76527e-63 356.107 356.107
4.84 8.41224e-63 360.794 360.794
4.85 2.71498e-62 365.544 365.544
4.86 9.29653e-62 370.356 370.356
4.87 3.37746e-61 375.231 375.231
4.88 1.30193e-60 380.17 380.17
4.89 5.325e-60 385.175 385.175
4.9 2.31097e-59 390.245 390.245
4.91 1.06418e-58 395.382 395.382
4.92 5.19979e-58 400.587 400.587
4.93 2.69589e-57 405.86 405.86
4.94 1.48308e-56 411.202 411.202
4.95 8.65698e-56 416.615 416.615
4.96 5.36172e-55 422.099 422.099
4.97 3.52345e-54 427.656 427.656
4.98 2.4567e-53 433.285 433.285
4.99 1.81738e-52 438.989 438.989
5 1.42639e-51 444.768 444.768
