0 1 0
0.1 0.995004 0.0998333
0.2 0.980067 0.198669
0.3 0.955337 0.29552
0.4 0.921061 0.389418
0.5 0.877584 0.479422
0.6 0.825339 0.564636
0.7 0.764848 0.644209
0.8 0.696715 0.717345
0.9 0.621622 0.783314
1 0.540318 0.841457
1.1 0.453616 0.891193
1.2 0.362382 0.932025
1.3 0.267528 0.963545
1.4 0.17 0.985438
1.5 0.0707749 0.997486
1.6 -0.0291577 0.999568
1.7 -0.128799 0.991664
1.8 -0.227153 0.973851
1.9 -0.323238 0.946309
2 -0.416093 0.909313
2.1 -0.504791 0.863231
2.2 -0.588445 0.808525
2.3 -0.66622 0.745741
2.4 -0.737339 0.675507
2.5 -0.801091 0.598523
2.6 -0.856839 0.51556
2.7 -0.904027 0.427446
2.8 -0.942182 0.335062
2.9 -0.970924 0.23933
3 -0.989966 0.141207
3.1 -0.999117 0.0416732
3.2 -0.998285 -0.0582768
3.3 -0.98748 -0.157644
3.4 -0.966809 -0.255437
3.5 -0.936479 -0.350677
3.6 -0.896792 -0.442414
3.7 -0.848145 -0.52973
3.8 -0.791025 -0.611754
3.9 -0.726002 -0.687666
4 -0.653725 -0.756707
4.1 -0.574917 -0.818187
4.2 -0.490365 -0.871494
4.3 -0.400914 -0.916093
4.4 -0.307457 -0.951539
4.5 -0.210929 -0.977479
4.6 -0.112294 -0.993652
4.7 -0.0125366 -0.999898
4.8 0.0873458 -0.996154
4.9 0.186355 -0.982458
5 0.283503 -0.958945
5.1 0.377818 -0.925852
5.2 0.468358 -0.883509
5.3 0.554219 -0.832339
5.4 0.634543 -0.772853
5.5 0.708526 -0.705645
5.6 0.775431 -0.631388
5.7 0.834588 -0.550822
5.8 0.885407 -0.464753
5.9 0.92738 -0.374041
6 0.960087 -0.279592
6.1 0.983202 -0.18235
6.2 0.996494 -0.0832859
6.3 0.99983 0.0166101
